MEAN: 2.4518939e-3
STDE: 4.541635688443181e-4
VARI: 6.18793641796223e-6
STDD: 2.487556314530835e-3
