MEAN: 3.0861874000000004e-3
STDE: 3.545818845296612e-4
VARI: 3.7718493850981795e-6
STDD: 1.9421249663958751e-3
